Mountain:
    Idle:
        Position: [ -0.584, 9.504, -6.330 ]
        Target: [ -0.073, 9.153, -4.429  ]
    Select:
        Position: [ 0.234, 9.484, -6.047 ]
        Target: [ -0.325, 9.220, -4.145 ]
    Zoom:
        Position: [ 0.659, 8.968, -1.846 ]
        Target: [ -1.145, 8.651, -1.043 ]
    Cursor: [ 0.2264417, 9.015848, -2.010033 ]